xof 0303txt 0032

template AnimTicksPerSecond {
  <9E415A43-7BA6-4a73-8743-B73D47E88476>
  DWORD AnimTicksPerSecond;
}

template XSkinMeshHeader {
  <3cf169ce-ff7c-44ab-93c0-f78f62d172e2>
  WORD nMaxSkinWeightsPerVertex;
  WORD nMaxSkinWeightsPerFace;
  WORD nBones;
}

template SkinWeights {
  <6f0d123b-bad2-4167-a0d0-80224f25fabb>
  STRING transformNodeName;
  DWORD nWeights;
  array DWORD vertexIndices[nWeights];
  array float weights[nWeights];
  Matrix4x4 matrixOffset;
}

Frame Root {
  FrameTransformMatrix {
     1.000000, 0.000000, 0.000000, 0.000000,
     0.000000,-0.000000, 1.000000, 0.000000,
     0.000000, 1.000000, 0.000000, 0.000000,
     0.000000, 0.000000, 0.000000, 1.000000;;
  }
  Frame Armature {
    FrameTransformMatrix {
       0.301290, 0.000000, 0.000000, 0.000000,
       0.000000, 0.301290, 0.000000, 0.000000,
       0.000000, 0.000000, 0.301290, 0.000000,
      -0.013652, 0.109149, 0.685044, 1.000000;;
    }
    Frame Armature_Bone_029 {
      FrameTransformMatrix {
         1.000000, 0.000001, 0.000024, 0.000000,
        -0.000000,-0.999385, 0.035064, 0.000000,
         0.000024,-0.035064,-0.999546, 0.000000,
         0.054602,-0.213580,-2.347089, 1.000000;;
      }
      Frame Armature_Bone {
        FrameTransformMatrix {
           1.000000,-0.000000, 0.000024, 0.000000,
           0.000024, 0.035064,-0.999385, 0.000000,
          -0.000001, 0.999385, 0.035064, 0.000000,
          -0.054546,-0.131164,-2.352757, 1.000000;;
        }
        Frame Armature_Bone_001 {
          FrameTransformMatrix {
             0.998414,-0.016854, 0.053722, 0.000000,
             0.018400, 0.999427,-0.028403, 0.000000,
            -0.053212, 0.029346, 0.998152, 0.000000,
             0.000000, 1.006581, 0.000000, 1.000000;;
          }
          Frame Armature_Bone_003 {
            FrameTransformMatrix {
               0.999301, 0.013847,-0.034719, 0.000000,
              -0.012821, 0.999479, 0.029608, 0.000000,
               0.035111,-0.029142, 0.998958, 0.000000,
              -0.000000, 0.933846,-0.000000, 1.000000;;
            }
            Frame Armature_Bone_018 {
              FrameTransformMatrix {
                 0.996308, 0.063890, 0.057340, 0.000000,
                 0.023904, 0.435059,-0.900085, 0.000000,
                -0.082453, 0.898133, 0.431925, 0.000000,
                -0.000000, 1.206221,-0.000000, 1.000000;;
              }
            } // End of Armature_Bone_018
          } // End of Armature_Bone_003
          Frame Armature_Bone_022 {
            FrameTransformMatrix {
               0.996283, 0.070274,-0.049815, 0.000000,
              -0.024084,-0.327994,-0.944373, 0.000000,
              -0.082704, 0.942062,-0.325083, 0.000000,
              -0.000000, 0.933846,-0.000000, 1.000000;;
            }
            Frame Armature_Bone_023 {
              FrameTransformMatrix {
                 0.954181,-0.286631,-0.085919, 0.000000,
                 0.299205, 0.917709, 0.261316, 0.000000,
                 0.003947,-0.275050, 0.961422, 0.000000,
                -0.000000, 0.698169,-0.000000, 1.000000;;
              }
              Frame Armature_Bone_024 {
                FrameTransformMatrix {
                   0.997055, 0.051553,-0.056778, 0.000000,
                  -0.051005, 0.998637, 0.011072, 0.000000,
                   0.057272,-0.008144, 0.998325, 0.000000,
                  -0.000000, 0.611514,-0.000000, 1.000000;;
                }
                Frame Armature_Bone_025 {
                  FrameTransformMatrix {
                     0.999932,-0.002983,-0.011241, 0.000000,
                     0.003641, 0.998256, 0.058911, 0.000000,
                     0.011046,-0.058948, 0.998200, 0.000000,
                     0.000000, 0.600298,-0.000000, 1.000000;;
                  }
                } // End of Armature_Bone_025
              } // End of Armature_Bone_024
            } // End of Armature_Bone_023
            Frame Armature_Bone_026 {
              FrameTransformMatrix {
                 0.969369, 0.244348, 0.024838, 0.000000,
                -0.240980, 0.926691, 0.288396, 0.000000,
                 0.047452,-0.285548, 0.957189, 0.000000,
                -0.000000, 0.698169,-0.000000, 1.000000;;
              }
              Frame Armature_Bone_027 {
                FrameTransformMatrix {
                   0.982747,-0.004751,-0.184896, 0.000000,
                   0.021358, 0.995897, 0.087935, 0.000000,
                   0.183719,-0.090366, 0.978816, 0.000000,
                  -0.000000, 0.724815,-0.000000, 1.000000;;
                }
                Frame Armature_Bone_028 {
                  FrameTransformMatrix {
                     0.956943,-0.214438, 0.195643, 0.000000,
                     0.213201, 0.976618, 0.027616, 0.000000,
                    -0.196991, 0.015285, 0.980286, 0.000000,
                    -0.000000, 0.590436, 0.000000, 1.000000;;
                  }
                } // End of Armature_Bone_028
              } // End of Armature_Bone_027
            } // End of Armature_Bone_026
          } // End of Armature_Bone_022
        } // End of Armature_Bone_001
        Frame Armature_Bone_004 {
          FrameTransformMatrix {
             0.012970,-0.976140,-0.216752, 0.000000,
             0.999912, 0.012037, 0.005623, 0.000000,
            -0.002880,-0.216805, 0.976211, 0.000000,
             0.636636, 1.596763,-0.238023, 1.000000;;
          }
          Frame Armature_Bone_005 {
            FrameTransformMatrix {
              -0.216790, 0.005624, 0.976202, 0.000000,
               0.012970, 0.999912,-0.002880, 0.000000,
              -0.976132, 0.012037,-0.216844, 0.000000,
               0.000000, 0.704592, 0.000000, 1.000000;;
            }
          } // End of Armature_Bone_005
        } // End of Armature_Bone_004
        Frame Armature_Bone_006 {
          FrameTransformMatrix {
            -0.094201,-0.004728,-0.995388, 0.000000,
             0.033374,-0.999441, 0.001583, 0.000000,
            -0.994990,-0.033077, 0.094335, 0.000000,
             0.254487,-0.098698, 0.065842, 1.000000;;
          }
          Frame Armature_Bone_007 {
            FrameTransformMatrix {
              -0.094230, 0.033375,-0.994991, 0.000000,
               0.004724, 0.999442, 0.033076, 0.000000,
               0.995539,-0.001584,-0.094335, 0.000000,
              -0.000000, 0.718184,-0.000000, 1.000000;;
            }
            Frame Armature_Bone_008 {
              FrameTransformMatrix {
                 1.000000, 0.000000, 0.000029, 0.000000,
                 0.000000,-1.000000,-0.000000, 0.000000,
                 0.000029, 0.000000,-1.000000, 0.000000,
                 0.000000, 0.891384, 0.000000, 1.000000;;
              }
            } // End of Armature_Bone_008
          } // End of Armature_Bone_007
        } // End of Armature_Bone_006
        Frame Armature_Bone_012 {
          FrameTransformMatrix {
            -0.050968, 0.232215, 0.971328, 0.000000,
            -0.998691,-0.007567,-0.050595, 0.000000,
            -0.004399,-0.972635, 0.232296, 0.000000,
            -0.485068, 1.606306,-0.206850, 1.000000;;
          }
          Frame Armature_Bone_013 {
            FrameTransformMatrix {
              -0.971337, 0.050595,-0.232261, 0.000000,
               0.050968, 0.998691, 0.004399, 0.000000,
               0.232179,-0.007565,-0.972644, 0.000000,
               0.000000, 0.703951,-0.000000, 1.000000;;
            }
          } // End of Armature_Bone_013
        } // End of Armature_Bone_012
        Frame Armature_Bone_015 {
          FrameTransformMatrix {
             0.998721, 0.010869,-0.036712, 0.000000,
             0.010726,-0.999932,-0.004456, 0.000000,
            -0.036322, 0.004066,-0.999238, 0.000000,
            -0.314614,-0.131712, 0.086317, 1.000000;;
          }
          Frame Armature_Bone_016 {
            FrameTransformMatrix {
               0.996270, 0.080749,-0.030442, 0.000000,
              -0.080991, 0.996691,-0.006823, 0.000000,
               0.029791, 0.009263, 0.999513, 0.000000,
              -0.000000, 0.616724, 0.000000, 1.000000;;
            }
          } // End of Armature_Bone_016
        } // End of Armature_Bone_015
      } // End of Armature_Bone
      Frame Armature_Bone_002 {
        FrameTransformMatrix {
           1.000000,-0.000000, 0.000024, 0.000000,
           0.000024, 0.035064,-0.999385, 0.000000,
          -0.000001, 0.999385, 0.035064, 0.000000,
           1.062106, 0.422750,-3.298835, 1.000000;;
        }
      } // End of Armature_Bone_002
      Frame Armature_Bone_009 {
        FrameTransformMatrix {
           1.000000,-0.000000, 0.000024, 0.000000,
           0.000001,-0.999385,-0.035058, 0.000000,
           0.000024, 0.035058,-0.999467, 0.000000,
           2.269485,-0.308795,-3.965166, 1.000000;;
        }
      } // End of Armature_Bone_009
      Frame Armature_Bone_011 {
        FrameTransformMatrix {
           1.000000,-0.000000, 0.000024, 0.000000,
           0.000001,-0.999385,-0.035058, 0.000000,
           0.000024, 0.035058,-0.999294, 0.000000,
           0.223869,-0.124110,-0.643587, 1.000000;;
        }
        Frame Armature_Bone_010 {
          FrameTransformMatrix {
            -0.958882,-0.283806,-0.000016, 0.000000,
             0.261715,-0.884223,-0.386853, 0.000000,
             0.109778,-0.370951, 0.922141, 0.000000,
             0.000000,-0.000000, 0.000000, 1.000000;;
          }
        } // End of Armature_Bone_010
      } // End of Armature_Bone_011
      Frame Armature_Bone_014 {
        FrameTransformMatrix {
           1.000000, 0.000000, 0.000024, 0.000000,
           0.000001,-0.999385,-0.035058, 0.000000,
           0.000024, 0.035058,-0.999100, 0.000000,
          -2.203653,-0.317344,-3.961305, 1.000000;;
        }
      } // End of Armature_Bone_014
      Frame Armature_Bone_019 {
        FrameTransformMatrix {
           1.000000,-0.000000, 0.000024, 0.000000,
           0.000001,-0.999385,-0.035058, 0.000000,
           0.000024, 0.035058,-0.999292, 0.000000,
          -0.426337,-0.100894,-0.693142, 1.000000;;
        }
        Frame Armature_Bone_017 {
          FrameTransformMatrix {
            -0.994075, 0.108696, 0.000023, 0.000000,
            -0.100567,-0.919655,-0.379632, 0.000000,
            -0.041243,-0.377384, 0.925137, 0.000000,
             0.000000, 0.000000,-0.000000, 1.000000;;
          }
        } // End of Armature_Bone_017
      } // End of Armature_Bone_019
      Frame Armature_Bone_020 {
        FrameTransformMatrix {
           1.000000, 0.000000, 0.000024, 0.000000,
           0.000024, 0.035064,-0.999385, 0.000000,
          -0.000001, 0.999385, 0.035064, 0.000000,
          -1.331841, 0.473042,-3.343164, 1.000000;;
        }
      } // End of Armature_Bone_020
      Frame Armature_Bone_021 {
        FrameTransformMatrix {
           1.000000,-0.000000, 0.000024, 0.000000,
           0.000024, 0.035064,-0.999385, 0.000000,
          -0.000001, 0.999385, 0.035064, 0.000000,
          -0.307125, 1.528450,-1.676435, 1.000000;;
        }
      } // End of Armature_Bone_021
      Frame Armature_mabite {
        FrameTransformMatrix {
           1.000000,-0.000000, 0.000024, 0.000000,
           0.000024, 0.035064,-0.999385, 0.000000,
          -0.000001, 0.999385, 0.035064, 0.000000,
           0.178490, 1.525581,-1.666948, 1.000000;;
        }
      } // End of Armature_mabite
    } // End of Armature_Bone_029
    Frame Mesh_014_DrawCall_287 {
      FrameTransformMatrix {
         0.154278, 0.000000, 0.000000, 0.000000,
         0.000000,-0.000000, 0.154278, 0.000000,
         0.000000,-0.154278,-0.000000, 0.000000,
         0.045311,-0.362274,-2.273705, 1.000000;;
      }
      Mesh { // Mesh_014_DrawCall_287 mesh
        2820;
         0.110509;25.940195;-6.620555;,
         0.316059;25.510286;-6.507999;,
         1.327093;25.275410;-9.606543;,
         0.006974;25.735113;-6.256073;,
         0.316059;25.510286;-6.507999;,
         0.110509;25.940195;-6.620555;,
         0.006974;25.735113;-6.256073;,
         0.110509;25.940195;-6.620555;,
        -0.131318;25.496025;-6.610561;,
         0.110509;25.940195;-6.620555;,
         1.002614;25.879230;-9.773016;,
         0.627086;25.253122;-9.767020;,
         0.110509;25.940195;-6.620555;,
         0.627086;25.253122;-9.767020;,
        -0.131318;25.496025;-6.610561;,
         0.627086;25.253122;-9.767020;,
         1.002614;25.879230;-9.773016;,
         1.327093;25.275410;-9.606543;,
         0.110509;25.940195;-6.620555;,
         1.327093;25.275410;-9.606543;,
         1.002614;25.879230;-9.773016;,
        -0.131318;25.496025;-6.610561;,
         0.316059;25.510286;-6.507999;,
         0.006974;25.735113;-6.256073;,
         0.627086;25.253122;-9.767020;,
         0.316059;25.510286;-6.507999;,
        -0.131318;25.496025;-6.610561;,
         0.316059;25.510286;-6.507999;,
         0.627086;25.253122;-9.767020;,
         1.327093;25.275410;-9.606543;,
         1.009625;25.957487;-9.818220;,
         1.335844;25.294117;-9.684216;,
         2.421347;25.106014;-13.457555;,
         1.009625;25.957487;-9.818220;,
         2.421347;25.106014;-13.457555;,
         2.009017;25.849308;-13.617004;,
         0.899238;25.602032;-9.430561;,
         1.335844;25.294117;-9.684216;,
         1.009625;25.957487;-9.818220;,
         1.009625;25.957487;-9.818220;,
         2.009017;25.849308;-13.617004;,
         1.522945;25.055189;-13.630646;,
         0.899238;25.602032;-9.430561;,
         0.617836;25.253487;-9.822541;,
         1.335844;25.294117;-9.684216;,
         0.899238;25.602032;-9.430561;,
         1.009625;25.957487;-9.818220;,
         0.617836;25.253487;-9.822541;,
         1.009625;25.957487;-9.818220;,
         1.522945;25.055189;-13.630646;,
         0.617836;25.253487;-9.822541;,
         0.617836;25.253487;-9.822541;,
         1.522945;25.055189;-13.630646;,
         1.335844;25.294117;-9.684216;,
         1.335844;25.294117;-9.684216;,
         1.522945;25.055189;-13.630646;,
         2.421347;25.106014;-13.457555;,
         1.522945;25.055189;-13.630646;,
         2.009017;25.849308;-13.617004;,
         2.421347;25.106014;-13.457555;,
         1.549657;25.022268;-13.677027;,
         1.994724;25.854937;-13.656907;,
         2.840413;25.798935;-17.134466;,
         1.549657;25.022268;-13.677027;,
         2.840413;25.798935;-17.134466;,
         2.284020;24.868155;-17.169287;,
         2.840413;25.798935;-17.134466;,
         3.387291;24.977114;-16.948278;,
         2.955197;25.198776;-17.568512;,
         2.840413;25.798935;-17.134466;,
         2.955197;25.198776;-17.568512;,
         2.284020;24.868155;-17.169287;,
         1.549657;25.022268;-13.677027;,
         2.284020;24.868155;-17.169287;,
         2.431225;25.109329;-13.500467;,
         1.549657;25.022268;-13.677027;,
         1.881365;25.450512;-13.164371;,
         1.994724;25.854937;-13.656907;,
         1.881365;25.450512;-13.164371;,
         2.431225;25.109329;-13.500467;,
         1.994724;25.854937;-13.656907;,
         1.881365;25.450512;-13.164371;,
         1.549657;25.022268;-13.677027;,
         2.431225;25.109329;-13.500467;,
         2.431225;25.109329;-13.500467;,
         2.284020;24.868155;-17.169287;,
         3.387291;24.977114;-16.948278;,
         2.284020;24.868155;-17.169287;,
         2.955197;25.198776;-17.568512;,
         3.387291;24.977114;-16.948278;,
         1.994724;25.854937;-13.656907;,
         2.431225;25.109329;-13.500467;,
         2.840413;25.798935;-17.134466;,
         2.431225;25.109329;-13.500467;,
         3.387291;24.977114;-16.948278;,
         2.840413;25.798935;-17.134466;,
         0.000860;14.152456;-2.370191;,
         0.000860;15.453804;-5.918992;,
         2.280157;15.440450;-4.912261;,
         0.000860;14.152456;-2.370191;,
         2.280157;15.440450;-4.912261;,
         3.225038;15.408241;-2.480438;,
         0.000860;14.152456;-2.370191;,
        -3.223317;15.408241;-2.480439;,
        -2.278438;15.440450;-4.912261;,
         0.000860;14.152456;-2.370191;,
        -2.278438;15.440450;-4.912261;,
         0.000860;15.453804;-5.918992;,
         0.000860;14.152456;-2.370191;,
        -2.278438;15.376042;-0.049590;,
        -3.223317;15.408241;-2.480439;,
         0.000860;14.152456;-2.370191;,
         2.280157;15.376042;-0.049589;,
         0.000860;15.362679; 0.958117;,
         2.836390;17.481802;-5.437014;,
         0.000860;17.498404;-6.689990;,
         0.000861;20.381155;-6.970521;,
        -2.834668;17.481802;-5.437014;,
        -4.008637;17.444944;-2.656317;,
        -3.887406;20.327356;-2.912141;,
        -2.834668;17.481802;-5.437014;,
        -3.887406;20.327356;-2.912141;,
        -2.749094;20.365026;-5.755592;,
         0.000860;20.269316; 1.468526;,
         0.000860;17.388277; 1.619775;,
         2.836390;17.404900; 0.366806;,
         3.889127;20.327356;-2.912141;,
         2.750815;20.285400; 0.253568;,
         2.836390;17.404900; 0.366806;,
         3.889127;20.327356;-2.912141;,
         2.836390;17.404900; 0.366806;,
         4.010356;17.444944;-2.656317;,
         2.750815;20.285400; 0.253568;,
         0.000860;23.129066;-3.158000;,
         0.000860;20.269316; 1.468526;,
         2.836390;17.481802;-5.437014;,
         2.280157;15.440450;-4.912261;,
         0.000860;15.453804;-5.918992;,
         2.836390;17.481802;-5.437014;,
         0.000860;15.453804;-5.918992;,
         0.000860;17.498404;-6.689990;,
        -2.834668;17.404900; 0.366805;,
         0.000860;15.362679; 0.958117;,
         0.000860;17.388277; 1.619775;,
         0.000860;15.362679; 0.958117;,
         2.280157;15.376042;-0.049589;,
         2.836390;17.404900; 0.366806;,
         2.836390;17.404900; 0.366806;,
         2.280157;15.376042;-0.049589;,
         3.225038;15.408241;-2.480438;,
         0.000860;17.498404;-6.689990;,
        -2.834668;17.481802;-5.437014;,
         0.000861;20.381155;-6.970521;,
        -2.834668;17.481802;-5.437014;,
        -2.749094;20.365026;-5.755592;,
         0.000861;20.381155;-6.970521;,
        -2.749094;20.365026;-5.755592;,
        -3.887406;20.327356;-2.912141;,
         0.000860;23.129066;-3.158000;,
         4.010356;17.444944;-2.656317;,
         2.836390;17.481802;-5.437014;,
         3.889127;20.327356;-2.912141;,
         3.889127;20.327356;-2.912141;,
         2.750815;20.365026;-5.755592;,
         0.000860;23.129066;-3.158000;,
         0.000860;14.152456;-2.370191;,
         0.000860;15.362679; 0.958117;,
        -2.278438;15.376042;-0.049590;,
         0.000860;14.152456;-2.370191;,
         3.225038;15.408241;-2.480438;,
         2.280157;15.376042;-0.049589;,
         2.836390;17.481802;-5.437014;,
         0.000861;20.381155;-6.970521;,
         2.750815;20.365026;-5.755592;,
         0.000860;20.269316; 1.468526;,
        -2.749095;20.285400; 0.253568;,
        -2.834668;17.404900; 0.366805;,
         0.000860;20.269316; 1.468526;,
        -2.834668;17.404900; 0.366805;,
         0.000860;17.388277; 1.619775;,
         0.000860;20.269316; 1.468526;,
         2.836390;17.404900; 0.366806;,
         2.750815;20.285400; 0.253568;,
         2.750815;20.285400; 0.253568;,
         3.889127;20.327356;-2.912141;,
         0.000860;23.129066;-3.158000;,
         3.225038;15.408241;-2.480438;,
         2.280157;15.440450;-4.912261;,
         2.836390;17.481802;-5.437014;,
         3.225038;15.408241;-2.480438;,
         2.836390;17.481802;-5.437014;,
         4.010356;17.444944;-2.656317;,
         0.000860;15.453804;-5.918992;,
        -2.278438;15.440450;-4.912261;,
        -2.834668;17.481802;-5.437014;,
         0.000860;15.453804;-5.918992;,
        -2.834668;17.481802;-5.437014;,
         0.000860;17.498404;-6.689990;,
        -2.834668;17.481802;-5.437014;,
        -2.278438;15.440450;-4.912261;,
        -3.223317;15.408241;-2.480439;,
        -2.834668;17.481802;-5.437014;,
        -3.223317;15.408241;-2.480439;,
        -4.008637;17.444944;-2.656317;,
        -3.223317;15.408241;-2.480439;,
        -2.278438;15.376042;-0.049590;,
        -2.834668;17.404900; 0.366805;,
        -3.223317;15.408241;-2.480439;,
        -2.834668;17.404900; 0.366805;,
        -4.008637;17.444944;-2.656317;,
        -2.834668;17.404900; 0.366805;,
        -2.278438;15.376042;-0.049590;,
         0.000860;15.362679; 0.958117;,
         0.000860;15.362679; 0.958117;,
         2.836390;17.404900; 0.366806;,
         0.000860;17.388277; 1.619775;,
         2.836390;17.404900; 0.366806;,
         3.225038;15.408241;-2.480438;,
         4.010356;17.444944;-2.656317;,
         0.000861;20.381155;-6.970521;,
        -2.749094;20.365026;-5.755592;,
         0.000860;23.129066;-3.158000;,
        -4.008637;17.444944;-2.656317;,
        -2.834668;17.404900; 0.366805;,
        -3.887406;20.327356;-2.912141;,
        -2.834668;17.404900; 0.366805;,
        -2.749095;20.285400; 0.253568;,
        -3.887406;20.327356;-2.912141;,
        -3.887406;20.327356;-2.912141;,
        -2.749095;20.285400; 0.253568;,
         0.000860;23.129066;-3.158000;,
        -2.749095;20.285400; 0.253568;,
         0.000860;20.269316; 1.468526;,
         0.000860;23.129066;-3.158000;,
         2.836390;17.481802;-5.437014;,
         2.750815;20.365026;-5.755592;,
         3.889127;20.327356;-2.912141;,
         2.750815;20.365026;-5.755592;,
         0.000861;20.381155;-6.970521;,
         0.000860;23.129066;-3.158000;,
         1.395893;20.313272; 0.555979;,
         1.116887;20.091568; 1.865903;,
         1.116887;18.450918; 2.009893;,
         1.395893;20.313272; 0.555979;,
         1.116887;18.450918; 2.009893;,
         1.395893;18.263403; 0.735878;,
        -1.394174;20.313272; 0.555979;,
        -1.115167;20.091568; 1.865902;,
         1.116887;20.091568; 1.865903;,
        -1.394174;18.263403; 0.735877;,
         1.395893;18.263403; 0.735878;,
        -1.115167;18.450918; 2.009893;,
         1.395893;18.263403; 0.735878;,
         1.116887;18.450918; 2.009893;,
        -1.115167;18.450918; 2.009893;,
        -1.115167;18.450918; 2.009893;,
         1.116887;18.450918; 2.009893;,
        -1.115167;20.091568; 1.865902;,
        -1.394174;18.263403; 0.735877;,
        -1.115167;18.450918; 2.009893;,
        -1.115167;20.091568; 1.865902;,
        -1.394174;18.263403; 0.735877;,
        -1.115167;20.091568; 1.865902;,
        -1.394174;20.313272; 0.555979;,
        -1.394174;20.313272; 0.555979;,
         1.116887;20.091568; 1.865903;,
         1.395893;20.313272; 0.555979;,
         1.116887;18.450918; 2.009893;,
         1.116887;20.091568; 1.865903;,
        -1.115167;20.091568; 1.865902;,
        -0.891298; 2.893230;-4.001214;,
        -0.612668; 2.983459;-2.172422;,
         0.034114; 0.337724;-2.085177;,
        -2.841647;-0.080973;-0.314762;,
        -2.960523; 0.683018;-5.732727;,
        -1.981656; 0.688931;-5.836101;,
        -2.841647;-0.080973;-0.314762;,
        -1.981656; 0.688931;-5.836101;,
        -1.018469; 0.607158;-5.313615;,
        -0.891298; 2.893230;-4.001214;,
        -0.373275; 0.534223;-4.356051;,
        -1.018469; 0.607158;-5.313615;,
        -0.891298; 2.893230;-4.001214;,
        -1.018469; 0.607158;-5.313615;,
        -2.083304; 3.004087;-5.046691;,
         0.034114; 0.337724;-2.085177;,
        -0.064485; 0.116283; 0.840080;,
        -2.841647;-0.080973;-0.314762;,
         0.034114; 0.337724;-2.085177;,
        -2.841647;-0.080973;-0.314762;,
        -0.373275; 0.534223;-4.356051;,
        -2.135955; 5.668584;-2.914139;,
        -1.355680; 3.354886;-0.145273;,
        -0.612668; 2.983459;-2.172422;,
        -0.348450; 1.928110; 0.448016;,
        -0.064485; 0.116283; 0.840080;,
         0.034114; 0.337724;-2.085177;,
        -5.415009; 2.119242;-0.703501;,
        -4.228876; 3.463481;-0.736097;,
        -4.324218; 3.123666;-2.935159;,
        -4.228876; 3.463481;-0.736097;,
        -2.135955; 5.668584;-2.914139;,
        -4.324218; 3.123666;-2.935159;,
        -3.516196; 2.992031;-4.540913;,
        -2.083304; 3.004087;-5.046691;,
        -2.960523; 0.683018;-5.732727;,
        -2.083304; 3.004087;-5.046691;,
        -1.981656; 0.688931;-5.836101;,
        -2.960523; 0.683018;-5.732727;,
        -1.981656; 0.688931;-5.836101;,
        -2.083304; 3.004087;-5.046691;,
        -1.018469; 0.607158;-5.313615;,
        -1.018469; 0.607158;-5.313615;,
        -0.373275; 0.534223;-4.356051;,
        -2.841647;-0.080973;-0.314762;,
        -3.516196; 2.992031;-4.540913;,
        -2.960523; 0.683018;-5.732727;,
        -3.936845; 0.668104;-5.088683;,
        -0.891298; 2.893230;-4.001214;,
         0.034114; 0.337724;-2.085177;,
        -0.373275; 0.534223;-4.356051;,
        -3.516196; 2.992031;-4.540913;,
        -3.936845; 0.668104;-5.088683;,
        -5.164441; 0.535916;-3.154908;,
        -3.516196; 2.992031;-4.540913;,
        -5.164441; 0.535916;-3.154908;,
        -4.324218; 3.123666;-2.935159;,
        -3.936845; 0.668104;-5.088683;,
        -2.960523; 0.683018;-5.732727;,
        -2.841647;-0.080973;-0.314762;,
        -3.936845; 0.668104;-5.088683;,
        -2.841647;-0.080973;-0.314762;,
        -5.164441; 0.535916;-3.154908;,
        -2.135955; 5.668584;-2.914139;,
        -0.612668; 2.983459;-2.172422;,
        -0.891298; 2.893230;-4.001214;,
        -2.135955; 5.668584;-2.914139;,
        -0.891298; 2.893230;-4.001214;,
        -2.083304; 3.004087;-5.046691;,
        -1.355680; 3.354886;-0.145273;,
        -0.348450; 1.928110; 0.448016;,
        -0.612668; 2.983459;-2.172422;,
        -0.612668; 2.983459;-2.172422;,
        -0.348450; 1.928110; 0.448016;,
         0.034114; 0.337724;-2.085177;,
        -4.324218; 3.123666;-2.935159;,
        -2.135955; 5.668584;-2.914139;,
        -3.516196; 2.992031;-4.540913;,
        -2.135955; 5.668584;-2.914139;,
        -2.083304; 3.004087;-5.046691;,
        -3.516196; 2.992031;-4.540913;,
         0.378724;38.998901;-10.261292;,
        -0.472991;38.492249;-11.503918;,
         0.408985;38.264954;-11.667032;,
         0.378724;38.998901;-10.261292;,
        -1.038628;39.726688;-10.370680;,
        -1.026607;39.050343;-11.009025;,
         0.378724;38.998901;-10.261292;,
         0.370065;40.454517;-9.600461;,
        -0.504462;40.262711;-9.832911;,
         0.378724;38.998901;-10.261292;,
        -0.504462;40.262711;-9.832911;,
        -1.038628;39.726688;-10.370680;,
         1.343720;43.289848;-12.924804;,
         1.897334;42.731766;-13.419685;,
         0.492025;42.783886;-14.168142;,
         1.909357;42.055424;-14.058026;,
         0.492025;42.783886;-14.168142;,
         1.897334;42.731766;-13.419685;,
         0.500664;41.327591;-14.828243;,
         0.492025;42.783886;-14.168142;,
         1.375190;41.519352;-14.595815;,
        -0.934928;42.112991;-14.170236;,
        -0.946950;42.789330;-13.531893;,
         0.492025;42.783886;-14.168142;,
        -0.412784;43.325359;-12.994123;,
         0.461744;43.517162;-12.761676;,
         0.492025;42.783886;-14.168142;,
         0.421386;43.246902;-11.146274;,
         0.386380;42.077454;-9.939185;,
         1.849538;42.879951;-11.409345;,
         1.814531;41.710503;-10.202250;,
         2.709420;40.806843;-11.003679;,
         2.744426;41.976246;-12.210783;,
         2.763875;40.882133;-13.243453;,
         2.728869;39.712685;-12.036365;,
         1.900479;40.013988;-14.114274;,
         2.728869;39.712685;-12.036365;,
         1.865474;38.844597;-12.907158;,
         1.900479;40.013988;-14.114274;,
         1.900479;40.013988;-14.114274;,
         1.865474;38.844597;-12.907158;,
         0.484349;39.704613;-14.489546;,
         1.865474;38.844597;-12.907158;,
         0.449342;38.535213;-13.282441;,
         0.484349;39.704613;-14.489546;,
         0.484349;39.704613;-14.489546;,
         0.449342;38.535213;-13.282441;,
        -0.943804;40.071556;-14.226479;,
        -0.978810;38.902161;-13.019371;,
        -1.873701;39.805817;-12.217943;,
        -1.838693;40.975254;-13.425044;,
        -1.873701;39.805817;-12.217943;,
        -1.893148;40.899971;-11.185259;,
        -1.858141;42.069416;-12.392356;,
        -1.893148;40.899971;-11.185259;,
        -1.029752;41.768066;-10.314452;,
        -0.994746;42.937515;-11.521549;,
        -0.994746;42.937515;-11.521549;,
        -1.029752;41.768066;-10.314452;,
         0.421386;43.246902;-11.146274;,
        -1.029752;41.768066;-10.314452;,
         0.386380;42.077454;-9.939185;,
         0.421386;43.246902;-11.146274;,
         0.461744;43.517162;-12.761676;,
         0.421386;43.246902;-11.146274;,
         1.343720;43.289848;-12.924804;,
         1.343720;43.289848;-12.924804;,
         1.849538;42.879951;-11.409345;,
         1.897334;42.731766;-13.419685;,
         2.744426;41.976246;-12.210783;,
         2.763875;40.882133;-13.243453;,
         1.909357;42.055424;-14.058026;,
         1.900479;40.013988;-14.114274;,
         0.484349;39.704613;-14.489546;,
         0.500664;41.327591;-14.828243;,
         0.500664;41.327591;-14.828243;,
         0.484349;39.704613;-14.489546;,
        -0.381312;41.554893;-14.665124;,
        -0.934928;42.112991;-14.170236;,
        -1.838693;40.975254;-13.425044;,
        -0.946950;42.789330;-13.531893;,
        -1.838693;40.975254;-13.425044;,
        -1.858141;42.069416;-12.392356;,
        -0.946950;42.789330;-13.531893;,
        -0.994746;42.937515;-11.521549;,
         0.421386;43.246902;-11.146274;,
         0.461744;43.517162;-12.761676;,
         0.370065;40.454517;-9.600461;,
         1.252040;40.227215;-9.763582;,
         1.814531;41.710503;-10.202250;,
         1.814531;41.710503;-10.202250;,
         1.252040;40.227215;-9.763582;,
         2.709420;40.806843;-11.003679;,
         2.728869;39.712685;-12.036365;,
         1.817679;38.992779;-10.896815;,
         1.865474;38.844597;-12.907158;,
         1.817679;38.992779;-10.896815;,
         1.283512;38.456711;-11.434606;,
         1.865474;38.844597;-12.907158;,
         0.449342;38.535213;-13.282441;,
         0.408985;38.264954;-11.667032;,
        -0.978810;38.902161;-13.019371;,
         0.408985;38.264954;-11.667032;,
        -0.472991;38.492249;-11.503918;,
        -0.978810;38.902161;-13.019371;,
        -0.978810;38.902161;-13.019371;,
        -0.472991;38.492249;-11.503918;,
        -1.873701;39.805817;-12.217943;,
        -0.472991;38.492249;-11.503918;,
        -1.026607;39.050343;-11.009025;,
        -1.873701;39.805817;-12.217943;,
        -1.026607;39.050343;-11.009025;,
        -1.038628;39.726688;-10.370680;,
        -1.893148;40.899971;-11.185259;,
        -1.893148;40.899971;-11.185259;,
        -1.038628;39.726688;-10.370680;,
        -1.029752;41.768066;-10.314452;,
        -1.038628;39.726688;-10.370680;,
        -0.504462;40.262711;-9.832911;,
        -1.029752;41.768066;-10.314452;,
         0.378724;38.998901;-10.261292;,
         1.805657;39.669117;-10.258472;,
         1.252040;40.227215;-9.763582;,
         0.378724;38.998901;-10.261292;,
         1.252040;40.227215;-9.763582;,
         0.370065;40.454517;-9.600461;,
         0.378724;38.998901;-10.261292;,
         1.283512;38.456711;-11.434606;,
         1.817679;38.992779;-10.896815;,
         0.378724;38.998901;-10.261292;,
         1.817679;38.992779;-10.896815;,
         1.805657;39.669117;-10.258472;,
         0.378724;38.998901;-10.261292;,
         0.408985;38.264954;-11.667032;,
         1.283512;38.456711;-11.434606;,
         0.378724;38.998901;-10.261292;,
        -1.026607;39.050343;-11.009025;,
        -0.472991;38.492249;-11.503918;,
         1.343720;43.289848;-12.924804;,
         0.492025;42.783886;-14.168142;,
         0.461744;43.517162;-12.761676;,
         1.909357;42.055424;-14.058026;,
         1.375190;41.519352;-14.595815;,
         0.492025;42.783886;-14.168142;,
         0.500664;41.327591;-14.828243;,
        -0.381312;41.554893;-14.665124;,
         0.492025;42.783886;-14.168142;,
        -0.934928;42.112991;-14.170236;,
         0.492025;42.783886;-14.168142;,
        -0.381312;41.554893;-14.665124;,
        -0.412784;43.325359;-12.994123;,
         0.492025;42.783886;-14.168142;,
        -0.946950;42.789330;-13.531893;,
         0.386380;42.077454;-9.939185;,
         1.814531;41.710503;-10.202250;,
         1.849538;42.879951;-11.409345;,
         1.849538;42.879951;-11.409345;,
         1.814531;41.710503;-10.202250;,
         2.744426;41.976246;-12.210783;,
         2.744426;41.976246;-12.210783;,
         2.709420;40.806843;-11.003679;,
         2.763875;40.882133;-13.243453;,
         2.709420;40.806843;-11.003679;,
         2.728869;39.712685;-12.036365;,
         2.763875;40.882133;-13.243453;,
         0.449342;38.535213;-13.282441;,
        -0.978810;38.902161;-13.019371;,
        -0.943804;40.071556;-14.226479;,
        -0.943804;40.071556;-14.226479;,
        -0.978810;38.902161;-13.019371;,
        -1.838693;40.975254;-13.425044;,
        -1.838693;40.975254;-13.425044;,
        -1.873701;39.805817;-12.217943;,
        -1.858141;42.069416;-12.392356;,
        -1.858141;42.069416;-12.392356;,
        -1.893148;40.899971;-11.185259;,
        -0.994746;42.937515;-11.521549;,
         0.421386;43.246902;-11.146274;,
         1.849538;42.879951;-11.409345;,
         1.343720;43.289848;-12.924804;,
         1.849538;42.879951;-11.409345;,
         2.744426;41.976246;-12.210783;,
         1.897334;42.731766;-13.419685;,
         1.897334;42.731766;-13.419685;,
         2.744426;41.976246;-12.210783;,
         1.909357;42.055424;-14.058026;,
         1.909357;42.055424;-14.058026;,
         2.763875;40.882133;-13.243453;,
         1.375190;41.519352;-14.595815;,
         2.763875;40.882133;-13.243453;,
         1.900479;40.013988;-14.114274;,
         1.375190;41.519352;-14.595815;,
         1.375190;41.519352;-14.595815;,
         1.900479;40.013988;-14.114274;,
         0.500664;41.327591;-14.828243;,
         0.484349;39.704613;-14.489546;,
        -0.943804;40.071556;-14.226479;,
        -0.381312;41.554893;-14.665124;,
        -0.381312;41.554893;-14.665124;,
        -0.943804;40.071556;-14.226479;,
        -0.934928;42.112991;-14.170236;,
        -0.943804;40.071556;-14.226479;,
        -1.838693;40.975254;-13.425044;,
        -0.934928;42.112991;-14.170236;,
        -0.946950;42.789330;-13.531893;,
        -1.858141;42.069416;-12.392356;,
        -0.412784;43.325359;-12.994123;,
        -1.858141;42.069416;-12.392356;,
        -0.994746;42.937515;-11.521549;,
        -0.412784;43.325359;-12.994123;,
        -0.412784;43.325359;-12.994123;,
        -0.994746;42.937515;-11.521549;,
         0.461744;43.517162;-12.761676;,
         0.386380;42.077454;-9.939185;,
         0.370065;40.454517;-9.600461;,
         1.814531;41.710503;-10.202250;,
         1.252040;40.227215;-9.763582;,
         1.805657;39.669117;-10.258472;,
         2.709420;40.806843;-11.003679;,
         2.709420;40.806843;-11.003679;,
         1.805657;39.669117;-10.258472;,
         2.728869;39.712685;-12.036365;,
         1.805657;39.669117;-10.258472;,
         1.817679;38.992779;-10.896815;,
         2.728869;39.712685;-12.036365;,
         1.865474;38.844597;-12.907158;,
         1.283512;38.456711;-11.434606;,
         0.449342;38.535213;-13.282441;,
         1.283512;38.456711;-11.434606;,
         0.408985;38.264954;-11.667032;,
         0.449342;38.535213;-13.282441;,
        -1.873701;39.805817;-12.217943;,
        -1.026607;39.050343;-11.009025;,
        -1.893148;40.899971;-11.185259;,
        -1.029752;41.768066;-10.314452;,
        -0.504462;40.262711;-9.832911;,
         0.386380;42.077454;-9.939185;,
        -0.504462;40.262711;-9.832911;,
         0.370065;40.454517;-9.600461;,
         0.386380;42.077454;-9.939185;,
        -2.578599;13.981291;-2.151090;,
        -2.875143;15.389139;-2.036121;,
        -2.682074;15.426112;-3.488079;,
        -2.316768; 8.238038;-1.123334;,
        -1.228630; 8.234790;-1.584583;,
        -1.282505;10.024718;-1.730539;,
        -2.316768; 8.238038;-1.123334;,
        -1.282505;10.024718;-1.730539;,
        -2.190966; 9.933918;-1.364016;,
        -1.475428;16.139458;-2.603369;,
        -0.247036;15.070836;-3.094239;,
        -1.368400;15.267038;-4.017682;,
        -1.559206;13.898692;-3.491703;,
        -0.800270;13.765910;-2.866803;,
        -1.109243;10.500599;-2.731410;,
        -1.559206;13.898692;-3.491703;,
        -1.109243;10.500599;-2.731410;,
        -1.842129;10.908689;-3.367728;,
        -0.930872;13.740879;-1.884606;,
        -1.820543;13.848639;-1.526334;,
        -2.190966; 9.933918;-1.364016;,
        -2.682074;15.426112;-3.488079;,
        -1.368400;15.267038;-4.017682;,
        -1.559206;13.898692;-3.491703;,
        -2.682074;15.426112;-3.488079;,
        -1.559206;13.898692;-3.491703;,
        -2.447987;14.006294;-3.133341;,
        -0.247036;15.070836;-3.094239;,
        -0.440105;15.033865;-1.642283;,
        -0.930872;13.740879;-1.884606;,
        -0.247036;15.070836;-3.094239;,
        -0.930872;13.740879;-1.884606;,
        -0.800270;13.765910;-2.866803;,
        -0.930872;13.740879;-1.884606;,
        -1.754656;15.193052;-1.112847;,
        -1.820543;13.848639;-1.526334;,
        -0.800270;13.765910;-2.866803;,
        -0.930872;13.740879;-1.884606;,
        -1.109243;10.500599;-2.731410;,
        -1.820543;13.848639;-1.526334;,
        -2.578599;13.981291;-2.151090;,
        -2.190966; 9.933918;-1.364016;,
        -2.930232;10.265136;-1.997020;,
        -3.224874; 8.471057;-1.930894;,
        -2.316768; 8.238038;-1.123334;,
        -2.316768; 8.238038;-1.123334;,
        -3.224874; 8.471057;-1.930894;,
        -2.400274; 4.625847;-1.273884;,
        -3.224874; 8.471057;-1.930894;,
        -3.387772; 4.869879;-2.155494;,
        -2.400274; 4.625847;-1.273884;,
        -2.447987;14.006294;-3.133341;,
        -1.559206;13.898692;-3.491703;,
        -2.756965;10.741006;-2.997934;,
        -2.756965;10.741006;-2.997934;,
        -1.842129;10.908689;-3.367728;,
        -3.046797; 8.641633;-3.225037;,
        -1.842129;10.908689;-3.367728;,
        -1.960246; 8.599209;-3.703115;,
        -3.046797; 8.641633;-3.225037;,
        -3.046797; 8.641633;-3.225037;,
        -1.960246; 8.599209;-3.703115;,
        -3.185971; 5.189287;-3.491710;,
        -2.578599;13.981291;-2.151090;,
        -2.682074;15.426112;-3.488079;,
        -2.447987;14.006294;-3.133341;,
        -1.050548; 8.405342;-2.878735;,
        -1.960246; 8.599209;-3.703115;,
        -1.842129;10.908689;-3.367728;,
        -1.050548; 8.405342;-2.878735;,
        -1.842129;10.908689;-3.367728;,
        -1.109243;10.500599;-2.731410;,
        -1.475428;16.139458;-2.603369;,
        -0.440105;15.033865;-1.642283;,
        -0.247036;15.070836;-3.094239;,
        -1.475428;16.139458;-2.603369;,
        -2.875143;15.389139;-2.036121;,
        -1.754656;15.193052;-1.112847;,
        -1.475428;16.139458;-2.603369;,
        -1.754656;15.193052;-1.112847;,
        -0.440105;15.033865;-1.642283;,
        -2.578599;13.981291;-2.151090;,
        -2.447987;14.006294;-3.133341;,
        -2.756965;10.741006;-2.997934;,
        -2.578599;13.981291;-2.151090;,
        -2.756965;10.741006;-2.997934;,
        -2.930232;10.265136;-1.997020;,
        -1.475428;16.139458;-2.603369;,
        -1.368400;15.267038;-4.017682;,
        -2.682074;15.426112;-3.488079;,
        -1.475428;16.139458;-2.603369;,
        -2.682074;15.426112;-3.488079;,
        -2.875143;15.389139;-2.036121;,
        -0.930872;13.740879;-1.884606;,
        -2.190966; 9.933918;-1.364016;,
        -1.282505;10.024718;-1.730539;,
        -3.046797; 8.641633;-3.225037;,
        -3.224874; 8.471057;-1.930894;,
        -2.930232;10.265136;-1.997020;,
        -3.046797; 8.641633;-3.225037;,
        -2.930232;10.265136;-1.997020;,
        -2.756965;10.741006;-2.997934;,
        -1.559206;13.898692;-3.491703;,
        -1.368400;15.267038;-4.017682;,
        -0.247036;15.070836;-3.094239;,
        -1.559206;13.898692;-3.491703;,
        -0.247036;15.070836;-3.094239;,
        -0.800270;13.765910;-2.866803;,
